3437 : 704
2938 : 15357
P : 0.8299927553730982
R : 0.5391372549019607
F : 0.6536705971852416
